$ANSIBLE_VAULT;1.1;AES256
66313536633339333538363638633032663965316135646439616366346133656131343933633362
3839366263383062353733663165653439386433633565300a616631353832643634643430613631
66663265663634666234633065356661303265353531636537623166316434383931386365383566
3539663937633734630a313436393435333733383465366334613964346130653234323039396332
63366635306631626361646531623761626136326465363536363434376631393830636436616232
64653737636432366233356231323839316561633861353139636665623139383434666661373239
65326133623038653838373363393438353831633134316631313036396637636230343539343964
38303962653631363366653332386331393835633663333166333966373063313466643532353231
63636530656634346365386531616537313065663330373961356335636132353132313661376632
33313161326463653339336362636537366265343065333863623465343461323865323731353435
643962663439643564333965623130666332
