$ANSIBLE_VAULT;1.1;AES256
39316161666530613239313631386133666432323134303337616332366431306566356234386633
3261326265353262326335633731663061313532663766660a303335336537663138643735373135
65623538313664326436326333363136356139363034386435333961316163656337646135666131
6334306436666337330a303037333732623965663731633530336635643132663139393239343261
63623933383630313332316665353562353333363834626230376165383363313663313864653163
30386436396532633934363962313239643133363432663832656265633138333566663862643634
34356131333438653638396235306536613364613763396366383437343434636361636137643739
62653532343033623539666239636333633733616562383336336533366661633730366331373331
66353232656534333263353030346630353435663130653064653733306665383064663465313038
66323165313830373163323865323766323137353838333839353232386435613136313662343465
32373162376465643236633530353861393063633366613639643935386233303939306435303639
34336433343237396234386563663930616266386464613866343931316232616164316234333237
61363230613663333335393363343261386230323864396132393264343332643261316666646435
31643832613636303934323361376136303963313135333531316665653765633832386662393866
63623133306161363033666337633834326237633631343835323930303336376234376634363232
30653434613266386166323233356139616462376134646166653364396339393165343134376238
33643333396130653139393166376236323137326164323064623430633365303439376664663533
61666233626266386364323633343434656338643065313930363632306461323566316430343232
33323061363938396531363361666161303333656664623038393239396432623933336631636339
66623932353436326332323763363234643732623965613463663366616230643734343539383438
61316262616639613837616337663162643763663233383566623736393031313037353034643537
66306662663532373333336231356235353239623735376237333262646662626333623261326534
66613762333061303066626430303136623330393963343833363864356462646336663534333032
66663864336431353765653833623266666264306365626332343666363761373165636334333434
37343566316436313035366636386564386233646132353731383061333337363732666138656630
61303438656266343266353162386365343561616539346630646664623033396265353634333737
64323339306465366333356137386533626435356438343533643530626563303363666164623561
34336637383461303963386662373463353463656431613738333032346230303433613366636234
33613939393739363862643939373532653564333230653861356133383965643736336639663834
36633530386132373336373933666636333065623231393763653330623231383530343233373562
37356562336166313864616635666138383762643537666638643233663430343238653864353534
33303330636233613238326666343562636139356161356634633139363937333030383264353038
30613731306564666231653239363230373337643938346166316634303462663964376536663530
35303361323866376238623134616364393135663830363737303332343833303933323437656238
37356162346434663362396332376131393764653737353039383731376532393834396234613666
65646636656432656233376565633634623233346430623266623266393061636237653266386634
36373664623966396131366563373133626266393231663765653738653563343534643632386638
31376232666266633434666237663331373833353036306138636538366536643839373036303334
36666164363630623330366664313463313764653639376634346439616336356565663936643064
64353436626636663164363335366437333962363166666431313436346237313936656166653133
30313163383533343837323336396661613366313635333939356565643438393536613435333734
61613466343237383237366334613137663235326665356635623333656537623164653335366264
63366630663530373265336137313364376165363563613732353264626661323763303730376530
64396539613233396239353933373766313136383339653139316336383636363938653739383435
31656565333635393534366237323361663736393234316533336263356430303439336237623264
35383339306631383838393638643761633938396333626266313237386161643330636666333338
66393935633731653432326566616532366137356261656136353636363964303936633366316236
32663630313664623539646530303136623133626232333765346464613632653464336266313735
38316536313262326135313938636334663662346133623562623737326164366535666637643366
38326366396238343337323536636235663366323662326233333334366334326637623464356465
31613363303735616661643031323765653132666533633330313765626433376335366534393561
63653566323063386231393262303935386431636432306134333436353535366164636262396630
62353039333439383462333661373433656430386437316335353530313537323933303436383064
38643532363138653333353664363437646334373132373462383831663532353038613233666665
34383633343030363963353064346361316636623034396430663036643461323434343461333361
61613965623934336237636662653865303133333164333234663937313537623331666235316562
63623539336465633233393034633230343935616430323333356662373561316239316662663262
32383539353066336362623435323038323265666664663961316363313330613035306233613961
35303836316633333430613635333732366231373430376336363938386332333630363436646132
39333031336566643738373332336433393831353766376330373639326661643763343062373239
65373566343166313064343835393739363962623634616132616266356236616237326231623465
65346531616238623539336238653437663139346439363038356638346566656139376562373634
36633134633339396636323336616135356364376562343234333733393732303837623666623838
62623761356331386137666439373765343161393366666263333233363234383333316161303534
31623130323732336237313034613665333836383036646464306263653261356566373365636562
62393936373962643933306536616435653638333062316537316665653262363562613861393336
34306334313662643438313064373365646139383330393331663436336638643534656365383263
62623837663635323261353130323164623234633437613939386461306631303062333331393864
36663162663666373839393761613333623033386465343166373262653762383166646535623239
38323666366238386232643037323331656233656238613763363365623033376365613130333766
34393764376663333566653337313939366662303730663361353565346263383661646634353936
64336265623733313834613766353433313631653736386332656665636130653465656630353235
62643166343466643938303639323131663133636535623262386363326237363033343634323336
39383232616562353236383630663933366230643863336535336664636435343939323134313637
34343766656235633635343537346139336330613566656561616434646637313432363338336666
32656137383338663837343365636162666332316235356636623365623037373461623863316331
66666433633764346239306462343564656232393030393261386231646534343030616231336666
32643039333366363631333830313735323430616265643434353938383633366439306162633234
36383065626539336538613431623761376130383739663538306163353739343534333634383465
35643765393662356265663537366331323730363435343437663138303363383665383932306331
39333236316233303066336531353661643762313762343862636337386430353861623433346464
65306430376232613664613265323739666430633038373362653433363238313361373665616639
33613534326161363039656462663533336264646232313430316634383333383564633531656561
37363238313136306365363134356636613637623834643462323034396163303335633262383734
65323634626434356138653830366131623962373730613733366130663662386565346263643239
35383838373764656666643137363535326631346639383237313536323536313735663034653239
30396435303862336265393737366665626238363135376633323263373233656364643163363336
62386263626566366265623164333836323532336564656266633831363566663230386233333634
61373663326266383734323736656361353762376666383231383866633938626466663532623933
33626330636333316461383939363663366133386137363738383633613834633466343130363330
34306562343534313637333364316330336234316234333739316532363236376130653962633336
39663630353938376464386562336162343066323865633964343561613435383064626539383362
33633164616237306662616635626632333535386137343339306530386631333161646236386539
62353836346666343165623536623630663334353062383632626534356234653962303438313432
33656466366537633032326131393662303663393431366564383738333635313731343962376536
31613735313035343532633535636634393932643133633130323064323939633431353934623366
62343166623933323235376164353062636131323161363565376537616163346639336136346532
66613838323062373838396330313239376663643133386435643338356265386365333231333464
36336631653533383731356136656463653731323330353938323332663861386661313563376361
32353738306561653962353434303466666531626238643062386166646166356532613736393037
61333839376432363831613666303432393961376233383065393064633061373936363138333034
33313930376333383536613338396633626436323338663161366333636339303133346439336133
33663731323433613738643335636632363032323762616338373430653530313565316265306539
37393139643666303438313964646532386237333438316630373834353335663833363231333561
35346632633630613131393437346633633833646164366439636533383431376663323561666432
34346365353234613939616335663662383437326334323735313361326530636638316130653863
33663339333866646633346466333638373361653636393131656137336164366335306466613465
62393566316238336237336230633138303432666565396636336237323035386363393034656436
37383333323835656264353634643732316663653462313733656266326131626564316362616331
66383965393038393461636235303231396138333035386632363565323463633732336636623263
34343235336332353337366533646631366538663238323330303338303832323664663864663137
30613163356536393432306461633934643232373531653737313832323533633166373839363335
37376437373637323165316537346536323463336131613332353830396230316264306130386638
62626634653134363636303833363664666333376362633762323734313266626535313162313562
61303363633738313531346165386139316565666362336336333565386439653539353666303734
61326563343639386637643735333462353337636635616539626263366664306237633037313532
39623662643231656237643230653832303565626439306363616639333861633438356230383965
65363863376431356439396135356130366165333363666439366661336539363933363137626132
35353061616266623863396431336131623033313564396639376539616266313865333666316662
66623562366263383739656664643635643730313438363262393236643564326331313639643661
32656661633533666364383864666634666163323436363561376162336666323532383038363530
62353161633039653032656436303364663036636462343338306234383236396338346665633930
63353564623933323565613735316363333131326237656433653330356632383734393930386362
65326533666566393439373965623836383064373037646435393166363737373730626538393738
34636364343038396166666265323030326138393132386562336566626535393261613964653837
61316163613364613536663562663134376565306337616461633065303632343961636139303335
64613031623237396336643066373762386136613435303066663465393432396461653265366230
63306137366338303339383862633037616231303032353362656638663866366435636631343061
38353738356162363361386161356533366536663132363166633563343031373930353536636364
66306539323534643835666535383264646266376630333131326262383431373265386136643538
33393436363436333530396664663862313732323030643836666261316330323064633238323333
63643965346563616463663134373935353037326531353236636136336361646137643166366334
33626161643434393530353635626332333436326431383532643466666133376661663233343830
3938323338386365626563666464326230363764666663306330
