$ANSIBLE_VAULT;1.1;AES256
37343963376237333964663866383932323538663238366463323739326538313034623862643661
3139326166346263363330303834613536396134363466360a396239396137383433303238626561
37626538313937643032643436323166336435653737303064326536353865343366333639636331
3966613762653064390a626462363738653535303763333439386636623035363233633130386138
31396538363931636430366233623839623362326166303539613935646461363264663563666264
30303336323961356466343134313961653964616239383634636339353033386462623762393233
32343534653033333037316332343638613735316339343034313730613361383936386632323966
62643133623230613732383030323539316138636163306538323866616638616138626561386164
38313435376431313162316232636535376636306336346265343232373361393534333365613264
64393731626634666361613566353030613364343735323830353362336466653937376361666130
32653632393134353561653835343666633233343537653935346237653064323130623965666432
37316638326666316563613263363232623539386164393363613437386265393430363336363331
31663035356466653738363766396634353736333936616634396630636161333336386166613732
64336330303964623733396634633862343933666262323366646531623437633961636137363934
62316434663234373536336332373035616633393662636532313436316462363464646330306165
34656466613336323465323138333936366532373364373433646338363930623030376138393365
61663939393338653539663766333066393866333733343937343035343238653834646564643961
66613562636436316139393532643537396263646665633832346131653562636563363237646434
35316265323861373565373462626238346632666163323262653565666466396333333536313365
66666333663065363365353463393863663962623861373239393837373236353062306166373666
3063
